338
123
225
692
419
312
890
147
328
193
210
943
952
765
290
870
294
436
683
752
400
197
816
306
992
255
842
820
987
403
145
356
229
989
185
367
753
291
121
105
164
657
452
889
359
927
109
955
730
601
904
461
58
15
668
238
961
189
598
77
84
948
951
241
568
14
20
901
866
161
897
470
549
940
660
107
91
133
389
66
565
769
908
219
635
731
843
260
590
814
780
256
263
243
146
76
990
707
355
127
136
124
459
38
203
793
540
393
533
567
309
171
937
574
236
278
113
481
143
179
885
83
899
726
755
633
450
910
95
67
480
122
815
971
595
686
566
603
572
157
850
230
245
764
996
173
719
415
857
131
16
877
424
778
486
711
340
995
626
536
979
180
504
788
571
716
749
98
840
46
331
963
100
94
900
307
841
438
575
275
529
767
166
895
526
746
65
270
988
734
655
695
650
892
550
964
854
274
208
150
514
402
487
11
267
79
439
405
335
853
544
217
717
78
390
154
520
531
503
152
215
475
541
604
669
282
783
936
396
343
144
345
844
884
153
738
224
859
617
212
276
151
244
914
722
804
800
167
223
779
523
923
17
938
875
723
620
824
488
636
664
317
758
316
682
861
207
872
401
339
318
376
138
74
253
545
10
610
258
790
693
576
444
770
370
112
206
48
288
155
232
569
344
213
411
888
998
494
498
600
912
589
431
499
289
975
578
12
709
906
699
246
410
493
587
684
694
725
471
247
320
713
649
337
315
160
665
821
528
347
361
397
93
404
852
799
672
80
705
986
703
984
586
593
775
303
558
130
187
408
654
257
737
188
763
62
733
456
214
433
334
50
234
491
54
867
903
27
714
819
847
760
413
458
387
627
149
363
583
658
724
916
969
508
978
314
934
467
341
614
92
311
553
82
794
623
732
739
642
676
596
190
430
425
740
697
972
8
942
468
602
548
561
838
644
357
806
911
422
830
771
786
639
828
87
384
330
868
507
656
372
142
198
72
496
417
492
736
592
641
378
346
629
373
817
921
631
427
75
103
781
70
358
90
292
678
698
26
226
813
954
251
125
609
37
99
632
423
426
809
864
293
741
789
835
465
369
727
476
63
791
516
97
29
607
874
196
287
227
728
443
1000
441
469
351
354
976
848
418
766
913
696
537
958
883
670
784
285
489
61
261
137
599
472
543
407
941
675
308
839
310
327
398
57
530
772
787
296
31
634
176
674
324
922
878
280
796
826
957
174
298
611
114
825
999
502
202
803
323
201
818
295
420
416
886
237
945
301
33
485
366
199
896
539
802
428
305
894
55
386
792
858
132
449
577
495
220
538
394
920
535
454
483
616
808
521
148
812
554
759
834
845
3
613
69
409
286
371
797
917
959
822
555
30
170
252
960
646
32
515
915
56
19
993
710
453
59
511
374
968
926
637
862
879
235
325
382
89
612
560
933
581
326
21
580
973
336
43
442
919
40
873
477
116
860
242
836
846
652
406
135
39
73
462
497
451
505
265
332
882
299
128
49
119
448
994
211
907
666
615
435
985
2
342
518
939
195
44
86
192
23
832
379
259
447
876
85
186
742
645
688
608
362
60
479
457
395
715
559
322
474
982
6
513
353
667
680
837
564
510
706
512
352
313
329
181
871
71
928
661
266
194
118
106
41
385
525
204
437
619
946
360
365
768
967
463
348
687
117
484
473
500
110
754
509
175
159
47
228
277
297
681
380
264
249
506
700
383
679
777
712
466
22
689
851
671
829
556
702
991
169
685
729
172
4
638
399
625
810
271
364
953
272
546
42
905
944
104
624
28
983
168
880
648
24
519
704
891
594
855
191
102
13
200
68
925
45
881
392
807
302
34
52
412
1
120
720
222
584
522
18
284
209
827
381
744
708
304
250
375
932
833
701
931
368
762
966
756
349
111
552
139
930
221
659
5
51
909
36
163
432
162
126
977
997
108
205
918
585
751
869
965
269
677
96
748
947
333
239
321
35
653
183
811
140
747
115
774
478
924
898
231
158
557
974
350
640
429
929
524
563
588
53
262
718
216
165
281
849
950
823
517
88
7
391
579
865
591
460
445
388
542
455
551
547
9
863
776
434
177
527
178
690
691
887
534
949
798
663
605
414
464
621
630
628
647
273
745
622
597
156
801
956
490
268
795
248
81
582
101
501
902
319
735
134
279
651
218
981
182
562
184
141
773
980
300
893
970
935
570
962
662
440
254
831
283
618
805
785
856
446
233
129
757
782
482
673
750
721
573
743
25
532
606
240
421
761
64
643
377